391145
378644
400578
435521
436062
436863
117746
348429
384835
406733
414736
427777
431894
432466
432498
433723
433809
433933
435274
435435
435915
436164
436183
436225
436236
436247
436322
436584
436755
436763
416650
432686
413410
436115
420843
435655
414057
416189
266030
378566
432297
433895
330595
367116
420956
422467
427768
429818
431032
431376
431862
431990
432174
434153
434506
435504
435636
436430
436448
242231
279902
366708
394386
396528
401633
418661
421790
423056
428664
431130
431565
432399
432501
432785
433519
433789
435512
435734
436572
436645
436923
437207
424978
431097
422139
354538
392876
436635
269121
436796
375744
430872
388476
424489
232171
325937
330117
391430
435623
118919
366608
421388
427887
430964
37478
438324
435300
401327
436749
426717
428447
430128
430403
432463
432722
432767
432935
435300
435847
437597
437624
437902
430051
432869
436499
383318
426020
429793
431242
432856
433215
436458
436840
162006
331645
340889
372523
372943
376486
382625
387579
388505
388963
393391
398837
400443
411724
413112
416845
417367
421155
421425
428297
430199
431218
432750
432849
434108
434207
435161
435191
435523
435605
436788
436885
437202
437213
437353
404015
355750
375576
79991
171398
378849
429505
379144
279838
317207
339415
393242
416761
189959
208233
214974
249109
317208
348885
351366
357282
360065
361580
365607
370615
389478
389920
374017
153761
222877
333742
334303
350251
366534
366571
366635
414743
28722
164372
168379
170205
178229
183458
201589
209873
231314
236416
242246
244364
248561
263820
267851
269271
271613
275923
278647
279631
283930
284387
284413
284439
290008
301687
308642
308689
309248
309807
310139
314159
314463
316072
316470
316515
317379
317465
318218
318224
318460
319121
319182
319694
319983
320161
320262
320672
320727
320733
320739
320932
321864
323075
325779
331131
332130
336612
338470
338827
339352
339740
341346
342911
344121
344638
345608
345762
347643
347829
347843
348250
348331
348940
349144
350799
352690
352938
355426
356457
356787
357652
359597
360815
361133
361469
362532
363069
364566
364838
364975
365592
365804
366080
366543
366554
366564
366595
366991
368187
368470
368558
368588
369237
369796
369882
369978
370811
371586
371665
371934
372247
372393
372448
372508
372799
373007
373011
373015
373016
373294
374051
374132
374307
374894
375401
375734
376302
376491
377293
377448
377906
377999
378106
378408
378591
378798
378811
378815
378861
378873
378939
379094
379257
379396
379557
379719
379720
379806
379992
380233
380663
380931
380995
381487
382070
382224
382648
383654
383746
383793
383832
383914
384240
384308
384349
384351
384548
385015
385295
385302
385367
385547
385840
386743
386803
386804
387291
387714
387821
387876
387978
388510
388625
388918
389620
390376
390398
390787
390980
391344
391711
392457
392538
392690
392715
393454
393695
393839
394036
394958
395205
395329
395455
395513
395601
396271
397029
397704
397960
398277
398475
398647
398814
398925
399100
399659
400217
400263
400496
401488
401534
401735
402263
402309
402322
402509
402519
402593
403011
403221
403646
403930
404231
404535
404727
405521
405542
405561
406097
406670
406763
407238
408309
408592
408740
409055
409081
409622
409678
410087
410164
410432
410485
410624
410723
410749
411133
411386
411704
412013
412144
412634
413213
413474
413626
413952
414544
414611
414738
414845
414888
415241
415382
415965
416138
416142
416461
417351
417380
417724
418070
418231
418589
418908
174689
325965
348560
378495
379426
393171
110135
359778
376046
376896
206559
364843
370430
360468
309306
345932
345939
88382
153470
376862
123808
226842
320901
367094
379216
191256
244316
133407
374568
195672
221172
347140
355049
359059
366600
368466
378672
396974
401632
407432
281455
366602
366606
267083
87012
171945
193670
304695
427647
428348
431444
434871
99154
50969
48438
336584
408353
257204
387233
408730
90355
155415
246224
270747
280033
291318
296775
334391
337665
405859
413214
417443
419188
419242
421584
428437
432120
398819
239636
429881
163601
257015
166149
421930
109978
161639
422720
357485
417423
385278
353186
422197
367080
6698
36418
154192
212747
212847
215628
232383
282585
379123
212850
184796
187073
304530
430126
432096
243355
412739
430516
142343
144986
162983
227262
181985
162983
424601
56558
431845
432685
433765
436753
430992
432685
413638
431000
430468
428248
436175
260408
401015
433765
433876
433724
428821
281593
423607
435036
434102
432832
430837
428666
427623
423723
419807
419082
418025
417411
417410
411490
305175
272884
436114
