385394
388476
375576
419018
376486
348954
384108
411821
317208
360357
389663
401043
317207
398666
362420
419016
375393
351366
309160
366708
384835
395205
401327
401655
373294
392715
418429
401712
405262
407418
374310
269271
284439
339740
364566
369237
377999
378672
380946
388482
397942
415382
148574
350251
393839
404727
351363
392876
394394
401632
369860
396318
309306
134659
411791
279838
413410
214974
348885
365607
389478
317809
344234
371586
378811
385565
404015
412373
168379
248561
347829
355946
348560
368466
366602
413936
249109
370615
330117
374017
319377
323075
370811
377906
378861
385367
395329
402519
406670
340889
345608
387876
389442
396528
398852
403930
410795
412013
413977
393171
377085
355049
396974
380721
377519
380321
362532
281144
284788
292251
319694
331645
344121
365592
366554
366571
366608
366635
368470
375583
376046
378408
378644
378939
379142
385547
387714
395513
405681
409934
178229
354538
393391
395601
398814
398925
401252
405731
416461
355750
407432
281455
379144
393242
371785
283930
284387
320739
332130
347843
366534
366562
366595
368558
371665
355010
372826
267851
301687
110135
371934
379557
391768
392903
416142
318435
346009
377448
378815
382151
383679
383914
384308
386743
391344
394386
395980
398027
398647
314159
355949
393454
388505
401633
402263
404231
408309
409678
410087
411704
412574
412634
413096
414736
414738
415965
416673
178081
320901
367094
375744
378184
359059
366600
343863
309248
316470
337594
339352
342911
361469
366564
373011
374307
387291
399659
410164
242246
325937
348250
357652
361133
369796
369882
376302
379803
380138
383832
384240
385507
385840
400496
402593
409622
411724
418231
325965
345939
345951
226842
191256
339415
416761
208233
360065
263820
234331
412322
279631
284413
308642
309807
316515
318460
320262
325779
411133
391711
164372
386803
231314
275923
372508
374132
376491
378106
382070
382224
406763
407300
162006
244364
308689
317379
344638
356457
366991
374894
375401
378873
379396
379806
382648
383793
387821
388918
390376
392457
393695
397960
398475
402322
403646
410973
412144
413213
413474
414743
417351
174689
379426
360468
345932
376862
195672
366364
396035
361580
389920
319121
319182
320161
320672
320932
333742
333763
334303
355426
368588
385295
391914
403011
411386
413943
28722
183458
209873
320727
338827
348331
350799
354190
360815
366080
372247
372448
372523
372799
373015
377293
378798
379257
380233
380995
384351
385003
389620
390398
390787
390980
400217
402309
408592
408740
409149
410426
410485
410723
410749
414544
414611
414845
415241
418241
418275
418908
419021
359778
376896
370430
379216
366606
189959
153761
310139
356787
170205
412970
271613
236416
314463
320733
347643
369978
375734
378591
401488
416138
278647
317465
318224
321864
336612
351367
352938
382625
384548
385015
385548
386804
395455
398277
401735
405542
413112
414888
417380
418070
364843
88382
244316
374568
221172
347140
378849
316072
318218
331131
341346
363069
373007
397704
201589
222877
349144
359597
365804
373016
388625
394036
394958
396271
397029
399100
406097
409055
410208
410432
410624
413626
417724
418589
378495
206559
133407
357282
117746
299493
319983
338470
345762
348429
348940
352690
364975
366543
368187
372393
374051
379094
379720
381487
383654
384349
385302
388510
392690
400263
401534
402509
404535
405521
407238
409081
411017
412302
413952
153470
123808
387978
290008
364838
379719
380663
380931
383746
392538
403221
405561
379992

